function [INGTOX,INHTOX] = ingAndInhTox(ZAI)
%INGTOX [INGTOX,INHTOX] = INGANDINHTOX(ZAI) returns the ingestion and 
%inhalation radiotoxicities for the nuclides in the ZAI vector. 
%They are hard-coded here. Taken from radiotox.h in Serpent files.

DATA=[
    10030	, 	4.20E-11	, 	2.60E-10	;	%	'H-3'
    20060	, 	1.50E-11	, 	7.30E-12	;	%	'He-6'
    30050	, 	2.60E-35	, 	1.60E-35	;	%	'Li-5'
    30080	, 	1.00E-13	, 	6.20E-14	;	%	'Li-8'
    30090	, 	2.10E-15	, 	1.30E-15	;	%	'Li-9'
    40060	, 	4.40E-34	, 	3.80E-34	;	%	'Be-6'
    40070	, 	2.80E-11	, 	5.50E-11	;	%	'Be-7'
    40080	, 	4.10E-31	, 	3.50E-31	;	%	'Be-8'
    40100	, 	1.10E-09	, 	3.50E-08	;	%	'Be-10'
    40110	, 	3.00E-13	, 	2.60E-13	;	%	'Be-11'
    40120	, 	8.40E-16	, 	7.30E-16	;	%	'Be-12'
    40130	, 	2.30E-23	, 	2.00E-23	;	%	'Be-13'
    50080	, 	2.20E-12	, 	1.10E-12	;	%	'B-8'
    50090	, 	1.30E-31	, 	6.20E-32	;	%	'B-9'
    50120	, 	3.80E-15	, 	1.90E-15	;	%	'B-12'
    50130	, 	3.30E-15	, 	1.70E-15	;	%	'B-13'
    50140	, 	4.80E-15	, 	2.40E-15	;	%	'B-14'
    50150	, 	1.00E-16	, 	5.20E-17	;	%	'B-15'
    60090	, 	9.20E-14	, 	6.90E-14	;	%	'C-9'
    60100	, 	6.90E-13	, 	5.20E-13	;	%	'C-10'
    60110	, 	2.40E-11	, 	1.80E-11	;	%	'C-11'
    60140	, 	5.80E-10	, 	5.80E-09	;	%	'C-14'
    60150	, 	2.20E-13	, 	1.70E-13	;	%	'C-15'
    60160	, 	3.10E-13	, 	2.30E-13	;	%	'C-16'
    60170	, 	9.10E-14	, 	6.90E-14	;	%	'C-17'
    70110	, 	2.40E-34	, 	1.80E-34	;	%	'N-11'
    70120	, 	1.40E-15	, 	1.10E-15	;	%	'N-12'
    70130	, 	1.30E-11	, 	9.50E-12	;	%	'N-13'
    70160	, 	7.30E-13	, 	5.50E-13	;	%	'N-16'
    70170	, 	1.20E-12	, 	8.60E-13	;	%	'N-17'
    70180	, 	8.00E-14	, 	6.00E-14	;	%	'N-18'
    70190	, 	6.10E-14	, 	4.60E-14	;	%	'N-19'
    70200	, 	7.60E-14	, 	5.70E-14	;	%	'N-20'
    80140	, 	4.00E-12	, 	3.00E-12	;	%	'O-14'
    80150	, 	3.00E-12	, 	2.30E-12	;	%	'O-15'
    80190	, 	1.00E-12	, 	7.70E-13	;	%	'O-19'
    80200	, 	1.20E-12	, 	9.00E-13	;	%	'O-20'
    80210	, 	4.00E-13	, 	3.00E-13	;	%	'O-21'
    80220	, 	3.70E-13	, 	2.80E-13	;	%	'O-22'
    90150	, 	8.40E-35	, 	1.00E-34	;	%	'F-15'
    90160	, 	8.30E-34	, 	1.00E-33	;	%	'F-16'
    90170	, 	6.90E-13	, 	8.30E-13	;	%	'F-17'
    90180	, 	4.90E-11	, 	5.90E-11	;	%	'F-18'
    90200	, 	2.70E-13	, 	3.30E-13	;	%	'F-20'
    90210	, 	7.30E-14	, 	8.80E-14	;	%	'F-21'
    90220	, 	2.10E-13	, 	2.50E-13	;	%	'F-22'
    90230	, 	9.90E-14	, 	1.20E-13	;	%	'F-23'
    90240	, 	3.40E-14	, 	4.10E-14	;	%	'F-24'
    100170	, 	9.50E-11	, 	4.70E-11	;	%	'Ne-17'
    100180	, 	7.40E-11	, 	3.70E-11	;	%	'Ne-18'
    100190	, 	4.00E-10	, 	2.00E-10	;	%	'Ne-19'
    100230	, 	8.90E-10	, 	4.40E-10	;	%	'Ne-23'
    100240	, 	1.40E-08	, 	7.10E-09	;	%	'Ne-24'
    100250	, 	4.00E-11	, 	2.00E-11	;	%	'Ne-25'
    100260	, 	1.30E-11	, 	6.30E-12	;	%	'Ne-26'
    100270	, 	5.70E-12	, 	2.80E-12	;	%	'Ne-27'
    110200	, 	5.60E-15	, 	3.40E-15	;	%	'Na-20'
    110210	, 	8.50E-14	, 	5.20E-14	;	%	'Na-21'
    110220	, 	3.20E-09	, 	1.30E-09	;	%	'Na-22'
    110240	, 	4.30E-10	, 	2.70E-10	;	%	'Na-24'
    110241	, 	8.70E-20	, 	5.20E-20	;	%	'Na-24m'
    110250	, 	2.00E-13	, 	1.20E-13	;	%	'Na-25'
    110260	, 	1.10E-14	, 	6.40E-15	;	%	'Na-26'
    110270	, 	3.40E-15	, 	2.10E-15	;	%	'Na-27'
    110280	, 	4.80E-16	, 	2.90E-16	;	%	'Na-28'
    110290	, 	2.00E-15	, 	1.20E-15	;	%	'Na-29'
    110300	, 	3.10E-15	, 	1.90E-15	;	%	'Na-30'
    120210	, 	4.60E-15	, 	2.30E-15	;	%	'Mg-21'
    120220	, 	2.50E-13	, 	1.20E-13	;	%	'Mg-22'
    120230	, 	5.50E-13	, 	2.70E-13	;	%	'Mg-23'
    120270	, 	1.80E-11	, 	9.20E-12	;	%	'Mg-27'
    120280	, 	2.20E-09	, 	1.20E-09	;	%	'Mg-28'
    120290	, 	1.80E-13	, 	9.10E-14	;	%	'Mg-29'
    120300	, 	7.10E-14	, 	3.50E-14	;	%	'Mg-30'
    120310	, 	6.40E-14	, 	3.20E-14	;	%	'Mg-31'
    130230	, 	1.30E-13	, 	9.00E-14	;	%	'Al-23'
    130240	, 	5.40E-13	, 	3.80E-13	;	%	'Al-24'
    130241	, 	3.50E-14	, 	2.50E-14	;	%	'Al-24m'
    130250	, 	4.10E-13	, 	2.90E-13	;	%	'Al-25'
    130260	, 	3.50E-09	, 	2.00E-08	;	%	'Al-26'
    130261	, 	3.50E-13	, 	2.50E-13	;	%	'Al-26m'
    130280	, 	9.20E-12	, 	6.60E-12	;	%	'Al-28'
    130290	, 	2.10E-11	, 	1.50E-11	;	%	'Al-29'
    130300	, 	4.80E-13	, 	3.40E-13	;	%	'Al-30'
    130310	, 	6.90E-14	, 	4.90E-14	;	%	'Al-31'
    130320	, 	4.90E-15	, 	3.50E-15	;	%	'Al-32'
    130330	, 	1.40E-14	, 	1.00E-14	;	%	'Al-33'
    130340	, 	2.70E-14	, 	1.90E-14	;	%	'Al-34'
    140250	, 	3.70E-14	, 	1.80E-14	;	%	'Si-25'
    140260	, 	3.40E-13	, 	1.70E-13	;	%	'Si-26'
    140270	, 	3.30E-13	, 	1.60E-13	;	%	'Si-27'
    140310	, 	1.60E-10	, 	7.90E-11	;	%	'Si-31'
    140320	, 	5.60E-10	, 	1.10E-07	;	%	'Si-32'
    140330	, 	7.60E-13	, 	3.70E-13	;	%	'Si-33'
    140340	, 	3.90E-13	, 	1.90E-13	;	%	'Si-34'
    140350	, 	2.20E-13	, 	1.10E-13	;	%	'Si-35'
    140360	, 	1.70E-13	, 	8.20E-14	;	%	'Si-36'
    150280	, 	5.30E-14	, 	1.30E-13	;	%	'P-28'
    150290	, 	3.60E-13	, 	8.90E-13	;	%	'P-29'
    150300	, 	7.60E-12	, 	1.90E-11	;	%	'P-30'
    150320	, 	2.40E-09	, 	3.40E-09	;	%	'P-32'
    150330	, 	2.40E-10	, 	1.50E-09	;	%	'P-33'
    150340	, 	6.70E-13	, 	1.70E-12	;	%	'P-34'
    150350	, 	2.60E-12	, 	6.40E-12	;	%	'P-35'
    150360	, 	9.40E-13	, 	2.30E-12	;	%	'P-36'
    150370	, 	2.80E-13	, 	6.80E-13	;	%	'P-37'
    150380	, 	1.00E-13	, 	2.50E-13	;	%	'P-38'
    150390	, 	6.70E-14	, 	1.70E-13	;	%	'P-39'
    150400	, 	6.90E-14	, 	1.70E-13	;	%	'P-40'
    160290	, 	2.20E-13	, 	2.30E-13	;	%	'S-29'
    160300	, 	6.40E-13	, 	6.90E-13	;	%	'S-30'
    160310	, 	6.90E-13	, 	7.50E-13	;	%	'S-31'
    160350	, 	7.70E-10	, 	1.90E-09	;	%	'S-35'
    160370	, 	1.50E-11	, 	1.30E-11	;	%	'S-37'
    160380	, 	6.00E-10	, 	3.60E-10	;	%	'S-38'
    160390	, 	4.80E-12	, 	4.90E-12	;	%	'S-39'
    160400	, 	6.70E-12	, 	7.20E-12	;	%	'S-40'
    160410	, 	2.00E-12	, 	2.10E-12	;	%	'S-41'
    170320	, 	9.70E-14	, 	7.40E-14	;	%	'Cl-32'
    170330	, 	3.10E-13	, 	2.40E-13	;	%	'Cl-33'
    170340	, 	1.90E-13	, 	1.40E-13	;	%	'Cl-34'
    170341	, 	9.70E-11	, 	7.40E-11	;	%	'Cl-34m'
    170360	, 	9.30E-10	, 	7.30E-09	;	%	'Cl-36'
    170380	, 	5.80E-14	, 	2.90E-14	;	%	'Cl-38'
    170381	, 	1.20E-10	, 	4.50E-11	;	%	'Cl-38m'
    170390	, 	8.50E-11	, 	4.60E-11	;	%	'Cl-39'
    170400	, 	1.80E-11	, 	1.40E-11	;	%	'Cl-40'
    170410	, 	8.60E-12	, 	6.50E-12	;	%	'Cl-41'
    170420	, 	1.70E-12	, 	1.30E-12	;	%	'Cl-42'
    170430	, 	1.00E-12	, 	8.00E-13	;	%	'Cl-43'
    170440	, 	3.50E-13	, 	2.70E-13	;	%	'Cl-44'
    170450	, 	3.50E-13	, 	2.70E-13	;	%	'Cl-45'
    180330	, 	3.60E-12	, 	1.80E-12	;	%	'Ar-33'
    180340	, 	6.30E-11	, 	3.20E-11	;	%	'Ar-34'
    180350	, 	6.80E-11	, 	3.40E-11	;	%	'Ar-35'
    180370	, 	9.90E-09	, 	3.80E-08	;	%	'Ar-37'
    180390	, 	1.10E-06	, 	3.80E-05	;	%	'Ar-39'
    180410	, 	1.30E-07	, 	6.70E-08	;	%	'Ar-41'
    180420	, 	4.00E-06	, 	0.00016	    ;	%	'Ar-42'
    180430	, 	1.10E-08	, 	6.20E-09	;	%	'Ar-43'
    180440	, 	5.40E-08	, 	2.70E-08	;	%	'Ar-44'
    180450	, 	2.00E-09	, 	1.10E-09	;	%	'Ar-45'
    180460	, 	8.40E-10	, 	4.20E-10	;	%	'Ar-46'
    180470	, 	7.40E-11	, 	3.70E-11	;	%	'Ar-47'
    190360	, 	5.10E-14	, 	1.20E-14	;	%	'K-36'
    190370	, 	6.90E-14	, 	1.70E-14	;	%	'K-37'
    190380	, 	5.10E-14	, 	1.20E-14	;	%	'K-38'
    190381	, 	3.30E-11	, 	7.90E-12	;	%	'K-38m'
    190400	, 	6.20E-09	, 	2.10E-09	;	%	'K-40'
    190420	, 	4.30E-10	, 	1.20E-10	;	%	'K-42'
    190430	, 	2.50E-10	, 	1.40E-10	;	%	'K-43'
    190440	, 	8.40E-11	, 	2.00E-11	;	%	'K-44'
    190450	, 	5.40E-11	, 	1.50E-11	;	%	'K-45'
    190460	, 	8.60E-12	, 	2.10E-12	;	%	'K-46'
    190470	, 	1.30E-12	, 	3.10E-13	;	%	'K-47'
    190480	, 	1.00E-12	, 	2.40E-13	;	%	'K-48'
    200370	, 	3.00E-14	, 	6.80E-14	;	%	'Ca-37'
    200380	, 	1.60E-13	, 	3.70E-13	;	%	'Ca-38'
    200390	, 	1.60E-13	, 	3.60E-13	;	%	'Ca-39'
    200410	, 	1.90E-10	, 	1.80E-10	;	%	'Ca-41'
    200450	, 	7.10E-10	, 	3.70E-09	;	%	'Ca-45'
    200470	, 	1.60E-09	, 	2.10E-09	;	%	'Ca-47'
    200480	, 	2.10E-08	, 	1.10E-07	;	%	'Ca-48'
