function varargout=isProduced(varargin)
%HASNUCLEARDATA Returns the ZAI given in varargin that have nuclear data libraries for neutron-induced reactions, discards the others

isProduced=[		
10010	; %	'H-1'
10020	; %	'H-2'
10030	; %	'H-3'
20030	; %	'He-3'
20040	; %	'He-4'
20060	; %	'He-6'
30060	; %	'Li-6'
30070	; %	'Li-7'
30080	; %	'Li-8'
30090	; %	'Li-9'
40080	; %	'Be-8'
40090	; %	'Be-9'
40100	; %	'Be-10'
40110	; %	'Be-11'
50100	; %	'B-10'
50110	; %	'B-11'
50120	; %	'B-12'
60120	; %	'C-12'
60130	; %	'C-13'
60140	; %	'C-14'
60150	; %	'C-15'
70130	; %	'N-13'
70140	; %	'N-14'
70150	; %	'N-15'
70160	; %	'N-16'
70170	; %	'N-17'
80150	; %	'O-15'
80160	; %	'O-16'
80170	; %	'O-17'
80180	; %	'O-18'
80190	; %	'O-19'
90180	; %	'F-18'
90190	; %	'F-19'
90200	; %	'F-20'
100200	; %	'Ne-20'
100210	; %	'Ne-21'
100220	; %	'Ne-22'
100230	; %	'Ne-23'
110210	; %	'Na-21'
110220	; %	'Na-22'
110230	; %	'Na-23'
110240	; %	'Na-24'
110241	; %	'Na-24m'
110250	; %	'Na-25'
110260	; %	'Na-26'
120230	; %	'Mg-23'
120240	; %	'Mg-24'
120250	; %	'Mg-25'
120260	; %	'Mg-26'
120270	; %	'Mg-27'
130260	; %	'Al-26'
130270	; %	'Al-27'
130280	; %	'Al-28'
130290	; %	'Al-29'
130300	; %	'Al-30'
140270	; %	'Si-27'
140280	; %	'Si-28'
140290	; %	'Si-29'
140300	; %	'Si-30'
140310	; %	'Si-31'
140320	; %	'Si-32'
140330	; %	'Si-33'
150300	; %	'P-30'
150310	; %	'P-31'
150320	; %	'P-32'
150330	; %	'P-33'
150340	; %	'P-34'
150350	; %	'P-35'
150360	; %	'P-36'
160310	; %	'S-31'
160320	; %	'S-32'
160330	; %	'S-33'
160340	; %	'S-34'
160350	; %	'S-35'
160360	; %	'S-36'
160370	; %	'S-37'
160380	; %	'S-38'
170340	; %	'Cl-34'
170350	; %	'Cl-35'
170360	; %	'Cl-36'
170370	; %	'Cl-37'
170380	; %	'Cl-38'
170381	; %	'Cl-38m'
170390	; %	'Cl-39'
170400	; %	'Cl-40'
180350	; %	'Ar-35'
180360	; %	'Ar-36'
180370	; %	'Ar-37'
180380	; %	'Ar-38'
180390	; %	'Ar-39'
180400	; %	'Ar-40'
180410	; %	'Ar-41'
180420	; %	'Ar-42'
180430	; %	'Ar-43'
180440	; %	'Ar-44'
180450	; %	'Ar-45'
190380	; %	'K-38'
190390	; %	'K-39'
190400	; %	'K-40'
190410	; %	'K-41'
190420	; %	'K-42'
190430	; %	'K-43'
190440	; %	'K-44'
190450	; %	'K-45'
190460	; %	'K-46'
190470	; %	'K-47'
190480	; %	'K-48'
200390	; %	'Ca-39'
200400	; %	'Ca-40'
200410	; %	'Ca-41'
200420	; %	'Ca-42'
200430	; %	'Ca-43'
200440	; %	'Ca-44'
200450	; %	'Ca-45'
200460	; %	'Ca-46'
200470	; %	'Ca-47'
200480	; %	'Ca-48'
200490	; %	'Ca-49'
210440	; %	'Sc-44'
210450	; %	'Sc-45'
210451	; %	'Sc-45m'
210460	; %	'Sc-46'
210461	; %	'Sc-46m'
210470	; %	'Sc-47'
210480	; %	'Sc-48'
210490	; %	'Sc-49'
210500	; %	'Sc-50'
220450	; %	'Ti-45'
220460	; %	'Ti-46'
220470	; %	'Ti-47'
220480	; %	'Ti-48'
220490	; %	'Ti-49'
220500	; %	'Ti-50'
220510	; %	'Ti-51'
230490	; %	'V-49'
230500	; %	'V-50'
230510	; %	'V-51'
230520	; %	'V-52'
230530	; %	'V-53'
230540	; %	'V-54'
240490	; %	'Cr-49'
240500	; %	'Cr-50'
240510	; %	'Cr-51'
240520	; %	'Cr-52'
240530	; %	'Cr-53'
240540	; %	'Cr-54'
240550	; %	'Cr-55'
240660	; %	'Cr-66'
240670	; %	'Cr-67'
250530	; %	'Mn-53'
250540	; %	'Mn-54'
250550	; %	'Mn-55'
250560	; %	'Mn-56'
250570	; %	'Mn-57'
250580	; %	'Mn-58'
250660	; %	'Mn-66'
250670	; %	'Mn-67'
250680	; %	'Mn-68'
250690	; %	'Mn-69'
260530	; %	'Fe-53'
260540	; %	'Fe-54'
260550	; %	'Fe-55'
260560	; %	'Fe-56'
260570	; %	'Fe-57'
260580	; %	'Fe-58'
260590	; %	'Fe-59'
260600	; %	'Fe-60'
260610	; %	'Fe-61'
260650	; %	'Fe-65'
260660	; %	'Fe-66'
260670	; %	'Fe-67'
260680	; %	'Fe-68'
260690	; %	'Fe-69'
260700	; %	'Fe-70'
260710	; %	'Fe-71'
260720	; %	'Fe-72'
270570	; %	'Co-57'
270580	; %	'Co-58'
270590	; %	'Co-59'
270600	; %	'Co-60'
270601	; %	'Co-60m'
270610	; %	'Co-61'
270620	; %	'Co-62'
270630	; %	'Co-63'
270640	; %	'Co-64'
270650	; %	'Co-65'
270660	; %	'Co-66'
270670	; %	'Co-67'
270680	; %	'Co-68'
270690	; %	'Co-69'
270700	; %	'Co-70'
270710	; %	'Co-71'
270720	; %	'Co-72'
270730	; %	'Co-73'
270740	; %	'Co-74'
270750	; %	'Co-75'
280570	; %	'Ni-57'
280580	; %	'Ni-58'
280590	; %	'Ni-59'
280600	; %	'Ni-60'
280610	; %	'Ni-61'
280620	; %	'Ni-62'
280630	; %	'Ni-63'
280640	; %	'Ni-64'
280650	; %	'Ni-65'
280660	; %	'Ni-66'
280670	; %	'Ni-67'
280680	; %	'Ni-68'
280690	; %	'Ni-69'
280700	; %	'Ni-70'
280710	; %	'Ni-71'
280720	; %	'Ni-72'
280730	; %	'Ni-73'
280740	; %	'Ni-74'
280750	; %	'Ni-75'
280760	; %	'Ni-76'
280770	; %	'Ni-77'
280780	; %	'Ni-78'
290620	; %	'Cu-62'
290630	; %	'Cu-63'
290640	; %	'Cu-64'
290650	; %	'Cu-65'
290660	; %	'Cu-66'
290670	; %	'Cu-67'
290680	; %	'Cu-68'
290681	; %	'Cu-68m'
290690	; %	'Cu-69'
290700	; %	'Cu-70'
290701	; %	'Cu-70m'
290702	; %	'Cu-70m2'
290710	; %	'Cu-71'
290720	; %	'Cu-72'
290730	; %	'Cu-73'
290740	; %	'Cu-74'
290750	; %	'Cu-75'
290760	; %	'Cu-76'
290770	; %	'Cu-77'
290780	; %	'Cu-78'
290790	; %	'Cu-79'
290800	; %	'Cu-80'
300630	; %	'Zn-63'
300640	; %	'Zn-64'
300650	; %	'Zn-65'
300660	; %	'Zn-66'
300670	; %	'Zn-67'
300680	; %	'Zn-68'
300690	; %	'Zn-69'
300691	; %	'Zn-69m'
300700	; %	'Zn-70'
300710	; %	'Zn-71'
300711	; %	'Zn-71m'
300720	; %	'Zn-72'
300730	; %	'Zn-73'
300740	; %	'Zn-74'
300750	; %	'Zn-75'
300760	; %	'Zn-76'
300770	; %	'Zn-77'
300780	; %	'Zn-78'
300790	; %	'Zn-79'
300800	; %	'Zn-80'
300810	; %	'Zn-81'
300820	; %	'Zn-82'
300830	; %	'Zn-83'
310660	; %	'Ga-66'
310670	; %	'Ga-67'
310680	; %	'Ga-68'
310690	; %	'Ga-69'
310700	; %	'Ga-70'
310710	; %	'Ga-71'
310720	; %	'Ga-72'
310730	; %	'Ga-73'
310740	; %	'Ga-74'
310741	; %	'Ga-74m'
310750	; %	'Ga-75'
310760	; %	'Ga-76'
310770	; %	'Ga-77'
310780	; %	'Ga-78'
310790	; %	'Ga-79'
310800	; %	'Ga-80'
310810	; %	'Ga-81'
310820	; %	'Ga-82'
310830	; %	'Ga-83'
310840	; %	'Ga-84'
310850	; %	'Ga-85'
310860	; %	'Ga-86'
320680	; %	'Ge-68'
320690	; %	'Ge-69'
320700	; %	'Ge-70'
320710	; %	'Ge-71'
320711	; %	'Ge-71m'
320720	; %	'Ge-72'
320730	; %	'Ge-73'
320731	; %	'Ge-73m'
320740	; %	'Ge-74'
320750	; %	'Ge-75'
320751	; %	'Ge-75m'
320760	; %	'Ge-76'
320770	; %	'Ge-77'
320771	; %	'Ge-77m'
320780	; %	'Ge-78'
320790	; %	'Ge-79'
320791	; %	'Ge-79m'
320800	; %	'Ge-80'
320810	; %	'Ge-81'
320820	; %	'Ge-82'
320830	; %	'Ge-83'
320840	; %	'Ge-84'
320850	; %	'Ge-85'
320860	; %	'Ge-86'
320870	; %	'Ge-87'
320880	; %	'Ge-88'
320890	; %	'Ge-89'
330710	; %	'As-71'
330720	; %	'As-72'
330730	; %	'As-73'
330740	; %	'As-74'
330750	; %	'As-75'
330751	; %	'As-75m'
330760	; %	'As-76'
330770	; %	'As-77'
330780	; %	'As-78'
330790	; %	'As-79'
330800	; %	'As-80'
330810	; %	'As-81'
330820	; %	'As-82'
330821	; %	'As-82m'
330830	; %	'As-83'
330840	; %	'As-84'
330850	; %	'As-85'
330860	; %	'As-86'
330870	; %	'As-87'
330880	; %	'As-88'
330890	; %	'As-89'
330900	; %	'As-90'
330910	; %	'As-91'
330920	; %	'As-92'
340730	; %	'Se-73'
340731	; %	'Se-73m'
340740	; %	'Se-74'
340750	; %	'Se-75'
340760	; %	'Se-76'
340770	; %	'Se-77'
340771	; %	'Se-77m'
340780	; %	'Se-78'
340790	; %	'Se-79'
340791	; %	'Se-79m'
340800	; %	'Se-80'
340810	; %	'Se-81'
340811	; %	'Se-81m'
340820	; %	'Se-82'
340830	; %	'Se-83'
340831	; %	'Se-83m'
340840	; %	'Se-84'
340850	; %	'Se-85'
340860	; %	'Se-86'
340870	; %	'Se-87'
340880	; %	'Se-88'
340890	; %	'Se-89'
340900	; %	'Se-90'
340910	; %	'Se-91'
340920	; %	'Se-92'
340930	; %	'Se-93'
340940	; %	'Se-94'
350750	; %	'Br-75'
350760	; %	'Br-76'
350770	; %	'Br-77'
350771	; %	'Br-77m'
350780	; %	'Br-78'
350790	; %	'Br-79'
350791	; %	'Br-79m'
350800	; %	'Br-80'
350801	; %	'Br-80m'
350810	; %	'Br-81'
350820	; %	'Br-82'
350821	; %	'Br-82m'
350830	; %	'Br-83'
350840	; %	'Br-84'
350841	; %	'Br-84m'
350850	; %	'Br-85'
350860	; %	'Br-86'
350870	; %	'Br-87'
350880	; %	'Br-88'
350890	; %	'Br-89'
350900	; %	'Br-90'
350910	; %	'Br-91'
350920	; %	'Br-92'
350930	; %	'Br-93'
350940	; %	'Br-94'
350950	; %	'Br-95'
350960	; %	'Br-96'
350970	; %	'Br-97'
360770	; %	'Kr-77'
360780	; %	'Kr-78'
360790	; %	'Kr-79'
360791	; %	'Kr-79m'
360800	; %	'Kr-80'
360810	; %	'Kr-81'
360811	; %	'Kr-81m'
360820	; %	'Kr-82'
360830	; %	'Kr-83'
360831	; %	'Kr-83m'
360840	; %	'Kr-84'
360850	; %	'Kr-85'
360851	; %	'Kr-85m'
360860	; %	'Kr-86'
360870	; %	'Kr-87'
360880	; %	'Kr-88'
360890	; %	'Kr-89'
360900	; %	'Kr-90'
360910	; %	'Kr-91'
360920	; %	'Kr-92'
360930	; %	'Kr-93'
360940	; %	'Kr-94'
360950	; %	'Kr-95'
